39.0555
39.011
39.0383
39.0521
39.057
39.011
39.0521
39.0857
39.0531
39.0579
39.1158
39.1097
39.1314
39.1153
39.1734
39.1013
39.1314
39.0912
39.1727
39.1477
39.039
39.0511
39.0706
39.0704
39.039
38.9614
39.0923
38.9612
39.0685
39.0958
40.3394
40.2732
40.3177
40.2725
40.3177
40.3168
40.3313
40.3998
40.3717
40.3188
40.3712
40.3409
40.3631
40.3456
40.4527
40.3513
40.3441
40.3063
40.4698
40.3805
40.3574
40.3773
40.4137
40.3232
40.4162
40.4045
40.4137
40.4053
40.4143
40.3232
81.0939
81.0698
81.0995
81.0343
81.0596
81.0343
81.061
81.155
81.0492
81.0939
81.213
81.1192
81.0343
81.13
81.0343
81.1893
81.1099
81.0691
81.0698
81.0492
81.0596
81.1192
81.0596
81.0847
81.0492
81.2146
81.1034
81.0343
80.7699
81.0939
124.175
124.429
124.229
124.166
124.234
124.175
124.204
124.246
124.586
124.199
124.18
124.194
124.055
124.186
124.209
124.18
124.384
124.125
124.041
124.179
124.172
124.357
124.172
124.185
124.403
124.3
124.272
124.423
124.432
124.403
39.5602
39.5728
39.5387
39.5354
39.5634
39.5616
39.4999
39.5345
39.661
39.513
39.565
39.5502
39.57
39.5666
39.5015
39.5065
39.5754
39.5798
39.5535
39.5961
39.4901
39.4737
39.489
39.501
39.5118
39.5007
39.5152
39.4349
39.545
39.5442
3.60318
3.61818
3.61818
3.62362
3.62271
3.61818
3.62168
3.61818
3.62271
3.63384
3.61818
3.61818
3.61818
3.61818
3.61818
3.61818
3.61818
3.61818
3.62802
3.61818
3.63384
3.61818
3.62271
3.62271
3.62271
3.62464
3.62389
3.62802
3.62464
3.62271
9.73943
9.77713
9.78667
9.81751
9.78062
9.79576
9.78575
9.78161
9.77552
9.80125
9.79504
9.79894
9.79754
9.79432
9.80037
9.78788
9.79545
9.79674
9.81081
9.79626
9.79623
9.75497
9.78796
9.7851
9.78792
9.75284
9.77001
9.79558
9.76332
9.79879
6.76231
6.77475
6.78478
6.78815
6.79514
6.81494
6.80017
6.78387
6.79699
6.79948
6.78795
6.77784
6.78677
6.77432
6.78245
6.79282
6.80838
6.7824
6.77755
6.80132
6.81101
6.79052
6.76939
6.76939
6.80712
6.79679
6.78635
6.8152
6.81264
6.81704
15.2049
15.2232
15.2627
15.2352
15.2466
15.2204
15.2325
15.2356
15.2322
15.2241
15.2093
15.2511
15.2558
15.2312
15.255
15.22
15.2298
15.2309
15.2329
15.2184
15.2502
15.2457
15.2086
15.2237
15.2416
15.2476
15.2595
15.2251
15.2389
15.2251
35.2979
35.2779
35.2803
35.2682
35.3191
35.2627
35.3132
35.26
35.344
35.2779
35.2753
35.2736
35.2933
35.2448
35.2838
35.3287
35.2421
35.2846
35.2844
35.254
35.2874
35.2682
35.2855
35.273
35.2728
35.214
35.2474
35.2812
35.3142
35.2634
14.3263
14.3185
14.3185
14.3185
14.3185
14.3185
14.3185
14.3185
14.3185
14.3185
14.3363
14.3363
14.3185
14.3185
14.3363
14.3185
14.3185
14.3185
14.3363
14.3185
14.3185
14.3185
14.3185
14.3363
14.3185
14.3363
14.3666
14.3185
14.3185
14.3185
18.3247
18.2986
18.3318
18.3453
18.316
18.3159
18.363
18.2906
18.3653
18.3359
18.3028
18.3511
18.3365
18.3287
18.3368
18.3331
18.3261
18.3099
18.333
18.3152
18.2957
18.3038
18.3548
18.2876
18.3508
18.3438
18.2925
18.332
18.3309
18.3535
46.356
46.2902
46.3601
46.2433
46.3541
45.6369
45.7219
45.7106
46.3114
46.2305
45.685
45.7019
46.256
45.6807
46.3175
46.4013
46.2945
46.1772
46.354
45.6512
46.4388
46.1195
46.3217
46.4222
46.2002
46.239
46.1727
46.3186
46.4139
46.2472
46.5981
46.6273
46.6852
46.7018
46.6755
46.5119
46.6383
46.5513
46.5959
46.7198
46.5945
46.6255
46.6881
46.7055
46.2551
46.5196
46.5917
46.6958
46.6838
46.5906
46.7197
46.5527
46.6173
46.5017
46.5809
46.704
46.569
47.0679
46.5824
46.6622
92.5005
91.633
91.6142
91.4739
92.4505
91.6384
92.4739
92.3904
92.5062
92.4935
92.4629
91.7001
92.2835
92.1448
92.2391
91.6694
92.2713
91.6763
91.6763
92.3945
92.2724
91.6801
91.6762
92.3077
91.655
92.4832
91.5643
92.2725
91.6522
91.6769
149.177
149.595
148.428
149.127
149.46
149.621
149.661
150.376
148.665
150.203
149.616
149.663
150.124
149.598
149.579
150.17
150.236
149.548
150.215
150.294
150.319
149.544
150.359
149.567
150.327
149.528
149.47
149.123
149.631
149.621
46.3663
46.3214
46.4858
46.2166
46.3796
46.3186
46.511
46.4607
46.4685
45.6241
45.735
46.1544
46.3948
45.7483
46.4644
46.4048
46.2753
46.5394
46.3382
46.3463
46.2875
46.0432
46.3385
46.3401
46.3203
46.1973
45.7114
46.3615
46.1948
46.1324
3.76211
3.75109
3.74824
3.75764
3.75739
3.7745
3.77893
3.75069
3.77066
3.74789
3.75008
3.75876
3.76723
3.75259
3.76962
3.76759
3.77349
3.76262
3.77576
3.76914
3.75484
3.75807
3.76638
3.75221
3.76532
3.77098
3.77125
3.75918
3.74972
3.7598
10.7248
10.7321
10.6993
10.6937
10.6585
10.7394
10.6898
10.722
10.6169
10.5726
10.6448
10.7312
10.6744
10.7105
10.7163
10.6521
10.7066
10.6793
10.7105
10.6646
10.6725
10.6158
10.6814
10.702
10.6528
10.7235
10.7331
10.7124
10.7094
10.63
7.08147
7.06782
7.15511
7.15531
7.18162
7.11974
7.14936
7.0968
7.12332
7.11047
7.14884
7.10667
7.13828
7.10667
7.10667
7.10667
7.17992
7.10774
7.08943
7.09045
7.16057
7.18623
7.12694
7.116
7.19342
7.14911
7.15665
7.13244
7.20476
7.116
16.6633
16.6101
16.6128
16.7037
16.7345
16.7391
16.6163
16.6114
16.6553
16.712
16.6511
16.6824
16.6635
16.5383
16.736
16.6329
16.6713
16.6056
16.6465
16.7338
16.6393
16.6553
16.6668
16.674
16.6219
16.7128
16.6975
16.7138
16.7116
16.6914
40.4959
40.554
40.6707
40.6648
40.6112
40.4356
40.5198
40.597
40.3686
40.5581
40.4312
40.6334
40.6809
40.633
40.6776
40.6072
40.6136
40.6647
40.6429
40.5778
40.4375
40.3833
40.2322
40.5388
40.2506
40.3092
40.6328
40.5508
40.4821
40.5744
14.845
15.1066
15.1088
15.1353
14.8027
14.8354
14.8315
15.1105
14.8358
14.832
14.8609
14.838
14.84
15.226
15.2144
14.8433
14.8526
15.0838
15.1917
14.802
15.1605
14.8388
15.1459
15.0799
15.1559
15.1712
15.1116
15.1105
15.0661
14.8417
20.6446
20.6283
20.68
20.7236
20.4655
20.692
20.7254
20.697
20.7263
20.6939
20.6603
20.5889
20.7169
20.6856
20.5552
20.5543
20.588
20.5399
20.5856
20.5403
20.5806
20.5783
20.688
20.6421
20.661
20.6999
20.6876
20.695
20.7141
20.7282
40.3725
40.4058
40.3837
40.4759
40.4219
40.4045
40.4988
40.4562
40.434
40.4567
40.3794
40.4711
40.2714
40.29
40.3972
40.4785
40.4077
40.2842
40.3927
40.3752
40.4898
40.4445
40.4454
40.403
40.4717
40.3601
40.4133
40.3907
40.3612
40.4553
41.7989
41.8433
41.8633
41.8382
42.0611
41.7923
41.8148
41.77
41.8008
41.8625
41.8618
41.8104
41.8431
41.861
41.851
41.7605
41.8248
41.7418
42.0733
41.8682
41.8015
42.0342
41.8841
42.0458
42.0366
41.7831
41.7606
41.769
42.0422
41.7949
83.0503
82.7788
82.8199
82.7386
82.7802
82.8297
83.1016
82.7626
83.1207
83.0703
82.7649
82.6687
82.7501
83.1016
82.7801
83.0691
82.7289
83.0875
82.7634
83.1554
82.7343
83.077
82.7537
83.1102
82.7574
82.7494
83.161
82.6318
82.7755
82.7562
133.271
133.282
133.441
133.255
133.32
133.29
133.154
133.221
133.332
133.408
133.39
132.416
133.169
133.12
133.288
133.367
133.254
133.241
133.281
133.252
133.286
133.252
133.322
133.264
133.149
132.755
133.268
133.389
133.126
133.368
40.7486
40.8855
40.8215
41.0437
40.7689
40.8612
41.0746
40.7557
41.0681
41.0579
40.7955
41.0549
40.76
41.074
41.0789
41.0411
40.8425
40.8397
40.9007
40.8348
40.8658
41.0425
40.8329
40.8834
40.7768
40.7755
41.0397
41.0249
41.0614
41.0551
3.63446
3.63354
3.62671
3.62829
3.62158
3.63401
3.62791
3.62562
3.64265
3.61706
3.60742
3.63082
3.64261
3.62307
3.63845
3.63959
3.6318
3.63567
3.63774
3.6279
3.61696
3.628
3.61665
3.63347
3.62607
3.61406
3.62207
3.62891
3.63933
3.62495
10.0461
10.0454
10.0258
10.0465
10.0536
10.0478
10.0566
10.0445
10.0221
10.0457
10.0468
10.0445
9.93021
10.0465
9.8803
10.0299
10.0512
10.0465
10.0465
10.0465
10.0657
10.0422
10.0465
10.0546
10.0412
10.0549
9.90772
9.90486
10.058
10.0547
6.81473
6.79627
6.78401
6.81107
6.80122
6.78053
6.81649
6.78654
6.79758
6.77365
6.8116
6.80835
6.80957
6.80394
6.7932
6.79941
6.81473
6.79618
6.81221
6.80926
6.78683
6.8098
6.81095
6.78865
6.774
6.81023
6.80712
6.80716
6.79447
6.79296
15.0624
15.0866
15.0275
15.0812
15.0857
15.0812
14.8954
15.0583
15.087
15.0812
15.0719
15.0812
14.8412
15.087
15.0916
15.0764
15.0832
15.087
15.0632
15.0396
15.0812
15.0812
15.0888
15.0857
15.0398
15.0421
15.0992
15.0234
15.0807
15.0605
36.6884
36.7331
36.686
36.6525
36.6672
36.7486
36.6763
36.6399
36.6601
36.8454
36.6612
36.6678
36.7989
36.6077
36.8062
36.7208
36.6617
36.6023
36.69
36.6998
36.7328
36.6109
36.7436
36.7907
36.7324
36.6584
36.6991
36.6999
36.6343
36.7067
14.2075
14.2001
14.1435
14.2096
14.2001
14.2096
14.2004
14.203
14.1459
14.2019
14.1435
14.1406
14.1459
14.2038
14.2001
14.2096
14.1523
14.2075
14.1353
14.2014
14.2014
14.1459
14.2001
14.1993
14.1435
14.2001
14.2014
14.2001
14.2106
14.203
18.7922
18.7529
18.8074
18.7129
18.6995
18.7891
18.7493
18.7149
18.7447
18.8034
18.7217
18.7674
18.7746
18.7627
18.7722
18.7711
18.7715
18.7624
18.7446
18.6502
18.7517
18.7415
18.772
18.7422
18.7636
18.7797
18.7789
18.8202
18.7606
18.7779
